Apps for Android
1
2
3
4
5
6
7
8
9
10
11
12
13
14
15
16
17
18
19
20
21
22
23
24
25
26
27
28
29
30
31
32
33
34
35
36
37
38
39
40
41
42
43
44
45
46
47
48
49
50

51
52
53
54
55
56
57
58
59
60
61
62
63
64
65
66
67
68
69
70
71
72
73
74
75
76
77
78
79
80
81
82
83
84
85
86
87
88
89
90
91
92
93
94
95
96
97
98
99
100

101 t
102 t
103 t
104 t
105 f
106 t
107 t
108 t
109 t
110 f
111 t
112 t
113 f
114 f
115 f
116 t
117 t
118 t
119 f
120 t
121 t
122 f
123 f
124 t
125 t
126 t
127 t
128 f
129 f
130 t
131 f
132 t
133 t
134 t
135 f
136 t
137 t
138 f
139 t
140 f
141 t
142 f
143 f
144 t
145 t
146 t
147 f
148 t
149 f
150 t

Cellphones and Accessories
1
2
3
4
5
6
7
8
9
10
11
12
13
14
15
16
17
18
19
20
21
22
23
24
25
26
27
28
29
30
31
32
33
34
35
36
37
38
39
40
41
42
43
44
45
46
47
48
49
50

51
52
53
54
55
56
57
58
59
60
61
62
63
64
65
66
67
68
69
70
71
72
73
74
75
76
77
78
79
80
81
82
83
84
85
86
87
88
89
90
91
92
93
94
95
96
97
98
99
100

101 f
102 t
103 f
104 t
105 t
106 f
107 t
108 t
109 t
110 f
111 f
112 t
113 f
114 t
115 f
116 t
117 t
118 t
119 f
120 f
121 t
122 f
123 t
124 f
125 t
126 t
127 t
128 t
129 f
130 t
131 t
132 t
133 t
134 t
135 t
136 t
137 t
138 t
139 t
140 t
141 t
142 t
143 f
144 t
145 t
146 t
147 t
148 t
149 t
150 t
